You are given a dataset of household electricity consumptions:
    LCLid        day                                                                                                                                                      3h_intervals
MAC003223 2013-03-19                                        [0.9349999999999999, 0.33899999999999997, 2.108, 3.581, 1.0819999999999999, 3.9419999999999997, 3.3609999999999998, 2.266]
MAC003579 2013-01-02                            [0.8640000000000001, 0.9530000000000001, 1.3069999999999997, 1.325, 1.2849999999999997, 1.2069999999999999, 1.6289999999999998, 2.127]
MAC004034 2013-01-01               [1.1159999999999999, 1.1280000000000001, 1.0999999999999999, 1.1549999999999998, 1.101, 1.1320000000000001, 1.4140000000000001, 1.3459999999999996]
MAC000002 2013-02-24                                          [1.3459999999999999, 0.595, 0.536, 1.8330000000000002, 1.998, 1.3030000000000002, 7.8180000000000005, 4.321999999999999]
MAC003668 2013-01-26                                                            [3.453, 1.7060000000000002, 1.6960000000000002, 4.8309999, 6.0089999, 3.536, 7.833, 5.584999999999999]
MAC003305 2013-05-17                                         [0.954, 0.8669999999999998, 2.2279999999999998, 2.3609999999999998, 1.6820000000000002, 2.863, 1.894, 1.4019999999999997]
MAC000450 2012-11-23                                                     [9.553000099999998, 5.574, 8.1819998, 13.770999999999999, 14.038000199999999, 16.0949998, 21.5089999, 22.727]
MAC004034 2013-08-03                                                    [0.35299999999999987, 0.33499999999999996, 0.396, 0.547, 0.765, 0.9149999999999998, 1.545, 1.0339999999999998]
MAC000002 2013-02-05                                                   [1.2879999999999998, 0.763, 0.6929999999999998, 1.492, 1.2630000000000001, 1.056, 5.175999999999999, 2.4149999]
MAC003740 2013-04-20                                                       [0.706, 1.101, 1.6119999999999997, 2.045, 0.3789999999999999, 1.8630000000000002, 2.962999999999999, 1.583]
MAC003305 2014-01-05                                                      [0.8809999999999998, 1.009, 1.1469999999999998, 1.695, 3.1239999999999997, 2.338, 3.6189999999999998, 3.948]
MAC003668 2013-03-25                                                                                     [1.408, 1.455, 2.8850000000000002, 6.711, 8.212, 6.6360001, 6.99, 15.1980001]
MAC003482 2013-07-27                                          [1.1350000000000002, 1.2599999999999998, 2.5010000000000003, 3.436, 2.33, 1.0849999999999997, 4.261, 3.8749999999999996]
MAC003223 2012-11-09                                                                  [0.724, 0.33799999999999997, 2.542, 2.6239999000000003, 1.759, 3.605, 2.6950000000000003, 3.681]
MAC003223 2013-12-08                                             [0.6289999999999999, 0.41100000000000003, 0.3809999999999999, 2.503, 8.2479999, 9.6050001, 3.279, 3.4379999999999997]
MAC004179 2013-04-28                                                     [6.961000100000001, 7.117999999999999, 9.349, 6.663, 7.7649999, 8.111999999999998, 12.447000000000003, 6.991]
MAC004034 2013-05-08                                                       [1.0769999999999997, 1.0999999999999999, 1.04, 1.057, 1.113, 1.0379999999999998, 1.087, 1.7979999999999996]
MAC003422 2013-05-14              [0.08999999999999979, 0.0809999999999997, 0.0799999999999998, 0.0799999999999998, 0.0799999999999998, 0.0789999999999999, 0.194, 0.1479999999999999]
MAC003482 2013-09-03                                                       [0.9890000000000001, 1.01, 1.4889999999999999, 0.894, 0.874, 0.8999999999999999, 1.244, 1.9849999999999999]
MAC003482 2013-02-02                                                                    [1.194, 0.813, 1.045, 1.6669999999999998, 2.003, 1.129, 1.6969999999999998, 5.025000099999999]
MAC003305 2014-02-24                                                      [3.5249999999999995, 0.992, 1.6270000000000002, 1.9749999999999999, 2.152, 2.186, 4.7439998999999995, 4.337]
MAC003449 2013-06-04                                           [1.5530000000000004, 1.43, 3.795, 2.84, 2.4690000000000003, 3.7089999999999996, 3.7589999999999995, 3.3520000000000003]
MAC003223 2013-10-22                                                                                [0.4759999999999999, 0.47600000000000003, 2.465, 3.634, 1.505, 4.25, 2.674, 1.809]
MAC004179 2012-12-21                                                                 [7.8050001, 7.964, 8.3900001, 11.853999800000002, 14.2340002, 18.4980001, 14.5999999, 10.2000001]
MAC003668 2013-05-11                                                                   [1.3270000000000002, 1.312, 5.2989999999999995, 2.114, 1.3179999999999996, 1.428, 5.426, 4.511]
MAC003482 2013-10-14                                                      [1.058, 0.9839999999999999, 1.7289999999999996, 0.9239999999999999, 0.927, 1.228, 3.615, 1.2159999999999997]
MAC003449 2012-11-02                                                       [4.36, 3.7510000000000003, 10.203999799999998, 8.7889999, 7.9749999, 13.232999999999997, 18.601, 7.2800001]
MAC003579 2013-10-27                            [0.8340000000000001, 0.9959999999999998, 1.0030000000000001, 1.2629999999999997, 1.907, 2.8670000000000004, 2.1359999999999997, 2.442]
MAC004034 2012-10-30                                                                                                [1.149, 1.137, 1.33, 1.22, 1.1209999999999998, 1.276, 1.295, 1.29]
MAC004179 2013-03-03                                                    [9.738000099999999, 9.359, 9.33, 13.120000000000001, 9.108999899999999, 9.378, 14.9990001, 11.712000000000002]
MAC000002 2013-03-23                                                           [2.295, 0.6289999999999999, 0.7219999999999999, 1.7409999999999999, 2.058, 3.098, 7.7390001, 7.3169999]
MAC003740 2013-09-13                                                                 [0.453, 0.38799999999999996, 1.045, 2.098, 1.081, 3.714, 3.2880000000000003, 0.31900000000000006]
MAC003482 2012-12-25                                         [0.771, 0.8399999999999999, 0.936, 0.7070000000000001, 0.761, 0.7589999999999999, 0.9540000000000001, 0.7139999999999999]
MAC000450 2012-09-05                                                     [6.712999899999999, 5.438, 9.793, 12.855999700000002, 13.401999799999999, 10.577, 15.253, 15.243999899999999]
MAC003579 2013-04-02                                                      [1.0549999999999997, 1.4869999999999997, 1.275, 0.9780000000000001, 0.895, 1.718, 2.033, 2.0159999999999996]
MAC000002 2012-12-27                                                      [1.206, 0.729, 0.6019999999999999, 2.9860000999999996, 1.2259999999999998, 2.092, 2.739, 1.5659999999999998]
MAC003719 2013-05-30                                       [0.395, 0.412, 0.4129999999999998, 0.5159999999999999, 0.42599999999999993, 0.411, 0.42099999999999993, 0.4049999999999999]
MAC003668 2013-08-09                                           [1.5499999999999998, 1.4029999999999998, 3.8500000000000005, 2.3229999999999995, 1.5180000000000002, 1.556, 4.3, 4.782]
MAC003223 2013-10-02                                                                  [0.47799999999999987, 0.4409999999999999, 3.021, 1.2039999999999997, 1.589, 2.414, 3.731, 1.361]
MAC003719 2012-12-10                                                                   [0.718, 0.686, 1.206, 1.008, 0.8959999999999999, 1.9979999999999998, 3.1790000000000003, 2.141]
MAC000450 2012-12-30                                                                                              [5.969, 6.110999799999999, 5.697, 6.341, 3.389, 4.228, 8.926, 7.153]
MAC000002 2013-08-30                                         [0.8899999999999998, 0.6729999999999999, 0.7139999999999997, 1.027, 0.924, 0.8739999999999999, 1.8710000000000002, 1.073]
MAC000450 2013-05-14                                                             [6.042, 5.9419999, 11.33, 14.671999999999999, 12.7450003, 15.5840003, 22.0790003, 16.644000099999996]
MAC003668 2014-02-19                                         [1.9690000000000003, 1.5229999999999997, 1.6389999999999998, 6.1590001, 7.0889999, 5.8500000000000005, 8.169, 13.3169998]
MAC000002 2013-07-26                                         [0.9649999999999999, 0.6929999999999997, 0.734, 1.5050000000000001, 1.573, 1.5059999999999998, 1.945, 1.2249999999999999]
MAC003668 2013-04-25                                           [1.4789999999999999, 1.418, 5.994000100000001, 4.335, 2.3389999999999995, 1.806, 3.8259999999999996, 6.616999900000001]
MAC000450 2013-03-07                                                       [7.2789999, 5.364000000000001, 6.9799999, 8.647, 7.0489999999999995, 5.2860000000000005, 8.612, 10.7880001]
MAC003223 2013-09-22                            [0.7589999999999999, 0.7489999999999999, 1.255, 1.8209999999999997, 3.8230001000000002, 6.328, 3.6929999999999996, 3.1590000000000003]
MAC003668 2013-02-14                                                                       [1.7349999999999999, 1.524, 1.8019999999999998, 3.757, 5.987, 2.642, 13.9519998, 8.5500002]
MAC004034 2013-06-09                                                                    [1.025, 1.0110000000000001, 1.021, 1.037, 1.04, 0.9589999999999999, 1.0119999999999998, 1.006]
MAC003482 2013-08-09                                                      [1.123, 0.9329999999999999, 1.4529999999999998, 3.565, 0.904, 1.021, 0.9490000000000001, 1.5809999999999997]
MAC000450 2012-08-30                                                                                           [5.524, 4.816, 8.9480001, 8.71, 7.1019999, 8.9739998, 7.917, 9.4480001]
MAC003449 2013-05-11                                                      [1.7709999999999997, 1.8709999999999998, 2.105, 1.873, 1.906, 1.9300000000000002, 3.2720000000000002, 2.563]
MAC003579 2013-01-20                                                               [1.057, 0.6389999999999999, 0.711, 1.093, 5.2069999, 1.8759999999999997, 2.472, 2.4290000000000003]
MAC003305 2013-01-16                                                                     [0.8949999999999999, 0.8689999999999998, 0.927, 0.861, 0.825, 0.8940000000000001, 1.08, 1.07]
MAC003223 2013-05-18                                                                     [1.509, 1.0, 0.5639999999999998, 1.9429999999999998, 3.136, 1.7109999999999996, 2.402, 1.988]
MAC003305 2013-10-13                                                      [1.021, 0.9069999999999999, 1.1509999999999998, 1.8769999999999998, 1.2750000000000001, 2.421, 2.894, 2.854]
MAC003740 2013-12-14                                                                                [3.372, 3.2900000000000005, 3.539, 1.378, 0.428, 3.0610000000000004, 4.546, 4.125]
MAC003305 2012-10-26                                                                                [0.684, 0.698, 1.326, 2.6709999999999994, 2.2319999999999993, 2.752, 2.795, 0.871]
MAC000002 2014-01-01                                                                   [2.4379999999999997, 0.639, 0.603, 1.655, 1.818, 2.601, 3.1270000000000002, 2.6149999999999998]
MAC003449 2013-01-11                                                               [4.273, 4.558999999999999, 11.1510001, 9.6170002, 7.041, 7.2160001, 16.238000200000002, 11.0369998]
MAC000002 2012-12-14                                                       [0.9899999999999999, 0.59, 0.5819999999999999, 1.1969999999999998, 2.387, 1.488, 0.995, 2.3549999999999995]
MAC000002 2013-11-28                                                      [1.216, 0.6389999999999998, 0.594, 1.843, 0.986, 1.1359999999999997, 2.5580000000000003, 1.5410000000000001]
MAC003579 2013-06-06                                                                                [0.9699999999999999, 1.005, 1.181, 1.128, 1.217, 1.384, 1.439, 1.8260000000000003]
MAC003719 2012-12-01                                                               [0.7289999999999999, 0.802, 4.421, 0.752, 2.0989999999999998, 4.4270000000000005, 4.5080001, 5.077]
MAC003305 2012-10-12                                                       [0.7399999999999999, 0.6759999999999999, 1.0839999999999999, 2.3259999999999996, 1.852, 2.017, 2.45, 3.059]
MAC003668 2013-09-13                                                                                           [1.52, 1.385, 3.798, 2.117, 1.605, 1.424, 5.3399999, 6.847000099999999]
MAC000002 2013-01-16                                                                              [1.31, 0.588, 0.5969999999999998, 2.05, 4.5990001, 1.103, 2.627, 1.5339999999999998]
MAC003305 2013-02-21                                                      [1.2859999999999998, 1.226, 1.117, 1.1629999999999998, 1.0659999999999998, 1.8699999999999999, 1.685, 1.629]
MAC000002 2012-10-31                                                                                                      [2.511, 0.979, 0.737, 4.034, 2.102, 1.111, 2.206, 4.1420001]
MAC003482 2013-05-24                                                      [0.9660000000000001, 0.954, 0.9440000000000001, 0.946, 0.952, 0.944, 0.9519999999999998, 0.9449999999999998]
MAC003449 2013-10-04                                                      [2.002, 1.9799999999999998, 2.722, 2.287, 2.6429999999999993, 2.3869999999999996, 2.958, 2.9869999999999997]
MAC003579 2013-07-02                                                                    [0.848, 1.2279999999999998, 3.4819999000000004, 9.494, 7.892000100000001, 2.908, 1.313, 1.967]
MAC003740 2013-10-31                                                     [3.4709999999999996, 3.631, 2.7289999999999996, 1.271, 1.5860000000000003, 0.302, 0.284, 0.40800000000000003]
MAC003740 2013-06-19                                                                                              [0.463, 0.494, 1.482, 0.57, 0.429, 0.377, 3.219, 0.3909999999999999]
MAC004179 2012-12-26                                          [8.519, 8.5739999, 9.8600001, 11.626999900000001, 9.392000199999998, 10.796000000000001, 13.608000299999999, 12.5329998]
MAC004179 2012-06-30                                                              [7.3600001, 10.293000099999999, 10.021000099999998, 7.135, 7.4900001, 9.639, 10.8389999, 12.4600001]
MAC003449 2013-03-09                                                           [3.612, 3.6579999999999995, 9.8709998, 8.455, 7.099000000000001, 5.955, 13.8520001, 6.7850000999999995]
MAC004034 2013-08-22                                         [0.8680000000000001, 0.8220000000000001, 1.095, 0.975, 1.4929999999999999, 0.9149999999999998, 1.284, 0.9860000000000001]
MAC003719 2013-09-04                                                       [0.741, 0.7869999999999998, 2.78, 1.1669999999999998, 1.814, 1.5730000000000004, 2.4210000000000003, 1.132]
MAC003449 2013-04-08                                                    [4.244, 4.4709999, 11.4329999, 9.457000200000001, 9.5900001, 6.533000100000001, 14.9050002, 7.715000099999999]
MAC003449 2013-05-26                                      [1.7930000000000001, 1.784, 3.9339999999999997, 2.5399999999999996, 2.3209999999999997, 2.057, 5.8280001, 5.678999999999999]
MAC004034 2012-09-15                                         [1.4469999999999998, 1.4169999999999998, 2.1710000000000003, 1.4549999999999996, 2.073, 2.8269999999999995, 1.748, 1.696]
MAC000002 2013-09-20                                                  [2.173, 0.6659999999999999, 0.8879999999999999, 2.914, 1.9289999999999998, 1.6969999999999998, 4.5109999, 4.785]
MAC003223 2013-09-24                                                               [0.698, 0.41899999999999993, 3.0060000000000002, 2.443, 4.404, 2.2659999999999996, 4.4290001, 2.72]
MAC004179 2013-08-04                                                                                  [11.084, 10.9599999, 9.6469999, 11.395, 8.9680001, 9.17, 13.0509999, 10.0100001]
MAC000450 2013-03-15                                                          [7.2010001, 5.623, 6.833999799999999, 7.595000000000001, 7.24, 9.431000000000001, 8.7119999, 11.0949998]
MAC003579 2013-12-20                                                       [0.8279999999999998, 0.9450000000000001, 1.274, 1.0269999999999997, 0.905, 1.26, 2.614, 2.0740000000000003]
MAC000002 2013-01-11                                                   [1.2029999999999998, 0.602, 0.5779999999999997, 1.14, 1.302, 1.8979999999999997, 2.7269999, 1.5289999999999997]
MAC003668 2013-10-09                                                  [1.419, 1.3479999999999999, 1.884, 2.453, 1.7209999999999999, 1.6519999999999997, 10.103999900000002, 4.3899999]
MAC004179 2012-06-09                             [9.699000100000001, 11.3550001, 11.542000100000001, 9.647000199999999, 9.069999900000001, 13.620000000000001, 15.0269999, 16.4720001]
MAC003740 2013-09-08             [0.29899999999999993, 0.2909999999999997, 0.2639999999999998, 0.2679999999999999, 0.26799999999999974, 0.2849999999999998, 0.3009999999999998, 0.297]
MAC003449 2013-09-18                                                           [1.9180000000000001, 1.9560000000000002, 6.5440001, 2.673, 2.174, 3.111, 12.1809999, 4.109000099999999]
MAC003719 2013-05-06                [0.7519999999999999, 1.0079999999999998, 1.4169999999999998, 1.6159999999999999, 5.335000000000001, 1.2550000000000001, 3.9329998999999995, 3.919]
MAC003449 2012-12-06                                                           [4.5440000000000005, 4.761, 11.335000099999998, 9.419999899999999, 9.1609999, 7.526, 13.482, 8.9679998]
MAC003579 2014-02-11                                          [1.0659999999999998, 0.9570000000000001, 0.826, 0.79, 0.8039999999999999, 0.9299999999999997, 1.148, 0.9189999999999999]
MAC003719 2014-01-22                                                                    [0.6399999999999999, 0.5549999999999999, 1.343, 1.331, 1.309, 2.078, 2.5599999999999996, 2.76]
MAC003579 2013-02-08                                                       [0.6659999999999998, 0.668, 0.6669999999999999, 0.6349999999999999, 0.623, 0.698, 0.7779999999999997, 0.59]
MAC003305 2012-10-22                                                                            [0.789, 0.7629999999999998, 1.007, 1.375, 2.7359999999999998, 3.058, 6.1149999, 4.357]
MAC000002 2013-10-26                                                                   [1.068, 0.6629999999999999, 0.6919999999999998, 1.797, 1.195, 3.036, 2.071, 1.1549999999999998]
MAC003305 2012-10-20                            [0.8649999999999998, 0.9219999999999999, 1.383, 1.2449999999999997, 1.6989999999999998, 2.0220000000000002, 1.7319999999999998, 1.956]
MAC003719 2013-08-28                                                                     [0.8449999999999998, 0.73, 1.1359999999999997, 0.616, 1.151, 2.19, 1.7209999999999996, 1.019]
MAC003668 2013-04-22                                                                        [1.474, 1.5079999999999998, 9.1859999, 11.376, 2.716, 2.428, 9.0120002, 8.802000099999999]
MAC003223 2014-01-30                                                                               [0.40299999999999986, 0.437, 2.405, 3.901, 1.164, 1.6739999999999997, 5.856, 3.705]
MAC003422 2013-08-10                                      [0.07899999999999989, 0.0839999999999999, 0.07899999999999989, 0.688, 0.4809999999999998, 0.135, 0.106, 0.16000000000000003]
MAC003223 2012-12-07                                                                   [0.8739999999999996, 0.4119999999999999, 2.036, 3.817, 2.115, 3.488, 3.7649999999999997, 3.127]
MAC003668 2014-02-10                                                           [1.5339999999999998, 1.555, 3.7030000000000003, 2.164, 1.7269999999999999, 2.037, 9.0269999, 8.2799999]
MAC004179 2013-09-05                                   [11.6719999, 11.791999700000002, 9.7619999, 11.2469999, 11.403999900000002, 12.3249999, 17.226000099999997, 11.088999799999998]
MAC004034 2013-01-20                                                       [0.985, 1.0530000000000002, 1.1949999999999998, 1.308, 1.31, 1.302, 1.3209999999999997, 1.2349999999999999]
MAC003719 2012-12-16                                                                                          [0.69, 0.8239999999999998, 1.286, 2.129, 3.356, 5.6489999, 4.232, 2.444]
MAC003449 2013-10-20                                                                          [1.912, 2.036, 3.128, 4.16, 6.074999999999999, 8.7859999, 13.276999899999998, 6.5489998]
MAC003579 2014-01-11                                                                   [0.687, 0.689, 1.0179999999999998, 1.062, 0.9199999999999999, 1.359, 2.5809999999999995, 2.306]
MAC004179 2013-07-23                                      [12.1639996, 12.7000002, 10.763, 10.161000099999999, 13.0069998, 11.177999799999998, 10.666999999999998, 13.336999899999999]
MAC003579 2013-11-17                            [0.7689999999999999, 0.8580000000000001, 1.0899999999999999, 0.7050000000000001, 1.7469999999999997, 3.2649999999999997, 1.984, 2.104]
MAC003223 2013-02-26                                                        [0.8959999999999998, 0.576, 4.300000000000001, 6.111, 2.9750001000000004, 2.42, 3.871, 2.7969999999999997]
MAC003579 2013-10-17                                                                                [0.916, 0.717, 1.203, 2.2539999999999996, 1.1929999999999998, 2.512, 2.146, 2.013]
MAC003422 2013-02-01                                                          [5.034000000000001, 5.237, 5.259, 5.239999999999999, 5.247, 5.430000000000001, 5.823, 5.609999999999999]
MAC000002 2012-10-27                                                                                [2.249, 0.633, 0.6829999999999999, 2.357, 1.982, 2.542, 3.7380000000000004, 2.702]
MAC003305 2013-07-12                                                      [0.828, 1.021, 2.4619999999999997, 3.4139999999999997, 1.4569999999999999, 1.4719999999999998, 4.817, 2.354]
MAC000450 2013-01-21                                                                        [6.765000099999999, 5.786, 8.294, 6.303, 8.129999999999999, 10.586, 9.7929999, 10.4919999]
MAC003740 2013-12-21                                                      [1.675, 0.708, 1.1789999999999998, 2.268, 3.0299999999999994, 0.5569999999999998, 1.3940000000000001, 3.111]
MAC004179 2013-07-05                       [9.038000100000001, 10.987000000000002, 12.009999999999998, 12.933, 15.566999899999999, 13.037999800000001, 16.6080002, 11.437000000000001]
MAC003422 2012-12-30                                                         [4.832, 4.744999999999999, 4.861000000000001, 4.733, 4.7780000000000005, 5.0280000000000005, 5.21, 5.112]
MAC003719 2014-02-07                                                      [0.627, 0.6379999999999998, 0.895, 1.832, 2.214, 3.3360000000000003, 2.7169999999999996, 1.1549999999999998]
MAC000450 2012-03-23                                                                  [6.675999999999999, 5.775000099999999, 7.234000099999999, 4.714, 5.149, 4.122, 8.8689999, 8.876]
MAC003422 2013-06-18 [0.0799999999999998, 0.0799999999999998, 0.0799999999999998, 0.0799999999999998, 0.0799999999999998, 0.0789999999999999, 0.1129999999999998, 0.16399999999999992]
MAC003719 2013-08-20                                                      [1.005, 1.0430000000000001, 0.764, 1.1029999999999998, 1.391, 0.6719999999999999, 2.325, 1.8079999999999998]
MAC004179 2012-07-02                                                                                 [7.558, 10.5160001, 14.992, 8.4529999, 12.2940002, 12.0460003, 16.8239999, 9.815]
MAC003740 2013-07-30            [0.44099999999999995, 0.45899999999999985, 0.479, 0.2029999999999998, 0.2039999999999998, 0.2069999999999995, 0.2079999999999998, 0.20799999999999988]
MAC003482 2013-09-25                                                      [0.914, 0.905, 2.0399999999999996, 2.3919999999999995, 1.327, 1.258, 3.3489999999999998, 2.0519999999999996]
MAC003449 2013-10-29                                                                    [1.9629999999999996, 2.029, 4.4920001, 11.8680001, 10.5789999, 10.242, 19.5060001, 11.3059999]
MAC003223 2013-11-28                                                                                [0.664, 0.404, 2.328, 2.497, 1.2129999999999999, 2.444, 3.4429999999999996, 2.735]
MAC003482 2013-06-21                                                      [0.953, 0.948, 1.3279999999999998, 0.9129999999999999, 2.6479999999999997, 0.9390000000000001, 1.927, 2.518]
MAC004179 2013-11-10                                                [9.306000000000001, 12.2079998, 11.2220001, 16.6149998, 12.03, 12.533000000000001, 20.1419997, 16.855999899999997]
MAC003579 2013-04-18                                          [0.8859999999999999, 0.83, 1.1369999999999998, 1.2609999999999997, 1.428, 1.666, 1.8009999999999997, 1.5189999999999997]
MAC003579 2013-11-15                            [0.636, 0.835, 1.1799999999999997, 1.1439999999999997, 0.7919999999999997, 1.0519999999999998, 2.6559999999999997, 2.5629999999999997]
MAC003223 2013-09-16                                                                            [0.461, 0.519, 2.7920000000000003, 1.529, 1.6329999999999998, 3.494, 3.6080001, 1.758]
MAC003449 2013-10-24                                                                                             [1.857, 1.892, 3.547, 1.791, 2.153, 3.168, 10.035000100000001, 2.531]
MAC004179 2013-05-28                               [10.33, 13.258999999999999, 11.7740001, 10.475999999999999, 13.1909999, 11.460999900000001, 16.296999900000003, 16.162000300000003]
MAC003579 2013-10-22                                           [0.8089999999999999, 0.904, 0.9050000000000001, 0.8, 0.9829999999999999, 0.911, 0.8079999999999999, 0.8609999999999998]
MAC000450 2012-07-22                                                                                                  [6.4449999, 5.498, 4.407, 3.226, 4.687, 6.171, 9.038, 6.8569999]
MAC003482 2013-04-29                                         [0.8370000000000001, 1.009, 1.3399999999999999, 0.8580000000000001, 0.8380000000000001, 1.019, 1.6609999999999998, 1.642]
MAC003719 2013-11-26                                                                  [1.186, 0.47699999999999987, 1.893, 1.147, 0.5269999999999999, 1.671, 3.438, 3.2430000000000003]
MAC003305 2012-10-23                                                       [0.9239999999999997, 0.8069999999999999, 1.069, 1.403, 1.972, 3.671, 5.114999999999999, 2.8229999999999995]
MAC003449 2013-03-04                                                  [4.181000000000001, 4.8, 10.6939998, 9.088000099999999, 8.274, 5.920000099999999, 12.391999900000002, 6.5430001]
MAC003223 2012-11-28                                                                                             [0.931, 0.418, 3.172, 3.5699999999999994, 1.876, 5.602, 3.519, 4.139]
MAC004179 2013-06-15                                                [9.585, 11.532, 11.989999899999999, 11.779, 11.381000100000001, 9.5740001, 14.325000099999997, 13.443000099999999]
MAC003449 2013-10-02                                                         [1.8, 1.8659999999999999, 3.311, 1.7099999999999997, 1.8589999999999998, 1.98, 3.5729999999999995, 2.922]
MAC003449 2013-10-17                                     [2.537, 2.544, 4.7139999, 3.8339999999999996, 2.0269999999999997, 3.0549999999999997, 10.035000299999998, 3.3110000000000004]
MAC003719 2012-11-05                                                                   [0.6619999999999999, 0.613, 1.2009999999999998, 0.8159999999999997, 0.893, 3.297, 2.263, 2.226]

Return the 10 LCLid who have the highest Sustained Peak Average (SPA) from the provided dataset.
The Sustained Peak Average (SPA) score for a household can be computed as follows:
    1. Initialize an empty list called 'daily_averages'.
    2. for each of the household's rows, append the arithmetic mean of the 3 highest values of the array contained in the '3h_intervals' column to the 'daily_averages' list.
    3. Compute the arithmetic mean of all values within the 'daily_averages' list: this value is the final SPA score for the household.

Your output must contain only the required list of household ids (LCLid).