You are given a dataset of household electricity consumptions:
    LCLid        day                                                                                                                                          3h_intervals
MAC004431 2012-06-20                                          [2.178, 1.557, 1.818, 2.2329999999999997, 1.9709999999999999, 2.2699999999999996, 4.066, 2.4779999999999998]
MAC003388 2013-07-03                                           [1.598, 2.77, 4.171, 1.6719999999999997, 1.5000000000000002, 1.536, 1.2449999999999999, 3.0549999999999997]
MAC003348 2013-12-27                                                                                               [0.406, 0.368, 0.94, 4.833, 3.749, 3.142, 2.751, 3.653]
MAC003348 2013-11-30                                           [0.406, 0.3759999999999998, 0.9489999999999997, 4.265000000000001, 2.035, 1.8829999999999998, 2.977, 2.031]
MAC003388 2013-11-21                  [2.367, 0.8230000000000001, 1.1749999999999998, 4.8999999999999995, 5.724999899999999, 2.678, 4.268999900000001, 2.9579999999999997]
MAC003680 2012-11-24                                                          [1.1609999999999998, 1.17, 1.4339999999999997, 2.0629999999999997, 2.63, 2.157, 3.21, 1.984]
MAC004431 2014-01-22                                                                 [1.08, 1.0579999999999998, 1.101, 2.513, 1.8160000000000003, 4.2450001, 7.461, 5.462]
MAC004247 2012-09-28                                [1.829, 0.9440000000000001, 0.96, 1.7469999999999999, 5.507000000000001, 4.093999999999999, 2.407, 2.1529999999999996]
MAC004431 2012-12-04                                          [1.3079999999999998, 1.0100000000000002, 1.121, 1.2719999999999998, 1.0939999999999999, 1.186, 2.445, 2.197]
MAC004179 2012-07-18                                                                  [8.1620001, 9.263, 9.534000200000001, 7.6340002, 7.9899999, 8.059, 9.6850001, 8.486]
MAC003239 2014-02-12                            [0.3979999999999999, 0.43199999999999983, 0.724, 0.7869999999999999, 0.789, 2.999, 1.8499999999999996, 1.1560000000000001]
MAC003566 2013-09-28                                                       [2.135, 2.353, 3.212, 2.349, 2.1249999999999996, 2.102, 2.6069999999999998, 2.5050000000000003]
MAC003388 2013-01-10            [1.2469999999999999, 0.8929999999999998, 1.0030000000000001, 4.808999999999999, 5.561000099999999, 10.088, 10.6870001, 3.3449999999999998]
MAC003394 2014-01-30                                                   [0.8550000000000001, 1.184, 1.7289999999999999, 1.176, 1.063, 0.9209999999999999, 5.014, 5.2310002]
MAC004247 2012-09-08                                                        [1.742, 2.0189999999999997, 1.353, 2.532, 4.6690000000000005, 2.541, 3.4979999999999993, 1.97]
MAC003863 2012-11-19                                          [0.787, 0.7839999999999997, 1.1669999999999998, 1.658, 0.848, 0.883, 2.4509999999999996, 2.2350000000000003]
MAC004319 2013-05-10                                                                      [5.398, 5.26, 5.307, 4.174, 3.8119999999999994, 4.923, 7.382999900000001, 8.879]
MAC004319 2012-11-12                                                    [2.6460000000000004, 2.625, 3.173, 2.534, 2.7779999999999996, 4.957, 6.793000000000001, 6.5899998]
MAC004179 2012-06-07                                  [14.7449999, 16.4149998, 16.4880002, 15.452999900000002, 13.2249998, 12.914999900000002, 16.149, 11.359999799999999]
MAC003863 2013-08-30                             [0.8300000000000001, 0.7959999999999997, 1.2719999999999998, 1.063, 1.099, 1.203, 0.9630000000000001, 1.3039999999999998]
MAC003718 2013-08-28                                                       [0.734, 0.6789999999999999, 1.089, 0.9669999999999999, 0.749, 0.837, 1.6029999999999998, 2.064]
MAC003482 2013-06-27                                                       [0.9209999999999999, 0.915, 1.6639999999999997, 0.905, 0.885, 0.9450000000000001, 2.197, 2.155]
MAC003718 2013-06-13                                                       [0.6970000000000001, 0.603, 1.503, 0.6689999999999999, 0.889, 0.776, 1.369, 2.1149999999999998]
MAC004319 2013-07-25                             [5.9510000000000005, 5.486, 6.7560001, 7.540000000000001, 4.215, 7.724999899999999, 6.843999999999999, 6.975999999999999]
MAC003239 2013-09-28 [0.44800000000000006, 0.42300000000000004, 0.8579999999999997, 0.5549999999999999, 0.9799999999999999, 0.9119999999999999, 2.122, 0.9629999999999999]
MAC003718 2013-04-13                                                                     [1.242, 0.704, 1.213, 2.099, 0.6379999999999999, 0.99, 2.902, 1.4730000000000003]
MAC003388 2013-01-07                                      [1.503, 1.5319999999999998, 1.3759999999999997, 3.604, 3.1849999999999996, 3.7609999000000003, 8.9790001, 4.616]
MAC004179 2013-10-02                                        [11.635, 12.159, 13.016000100000001, 9.2029999, 9.663999899999999, 13.527999999999999, 18.7010002, 11.2099999]
MAC003394 2013-02-26                                                   [5.5190002, 3.831, 5.8660000000000005, 7.5120000000000005, 8.044, 7.9670001, 10.1929999, 6.8639999]
MAC003863 2013-05-21                                                       [0.8190000000000001, 0.783, 1.274, 0.984, 1.1189999999999998, 1.176, 0.786, 1.0689999999999997]
MAC003482 2013-07-04                                                                                  [0.907, 0.9180000000000001, 1.844, 1.099, 0.858, 1.042, 1.956, 1.56]
MAC004179 2013-05-10                               [11.638, 14.6019997, 11.693999999999999, 13.645000199999998, 12.649000000000001, 13.041000200000001, 13.8440002, 9.971]
MAC004179 2013-11-30                                                                  [10.823, 10.146, 12.1860003, 14.6750003, 10.0290002, 11.776, 14.1950002, 11.3779997]
MAC003388 2014-02-27                                                                      [1.882, 2.229, 4.596000000000001, 3.132, 2.902, 0.96, 1.4409999999999998, 2.347]
MAC003680 2014-01-20                                                         [1.6070000000000002, 1.6789999999999998, 3.565, 5.795, 2.083, 4.917000000000001, 4.26, 2.273]
MAC003680 2013-07-15                             [0.6649999999999998, 0.6829999999999997, 1.388, 0.972, 1.8920000000000001, 2.2629999999999995, 1.531, 0.9189999999999999]
MAC003239 2014-02-19                                          [0.49700000000000005, 0.449, 0.7579999999999999, 0.7899999999999998, 0.539, 0.944, 2.19, 1.1509999999999998]
MAC004247 2014-01-09                                                                                 [2.142, 1.397, 0.983, 1.651, 4.345, 3.298, 4.009, 2.1639999999999997]
MAC003388 2014-01-15                              [1.3089999999999997, 0.9259999999999998, 2.413, 3.306, 2.5220000000000002, 7.949, 7.366999900000001, 3.4410000000000007]
MAC004179 2012-11-30                                              [10.403000099999998, 10.599, 13.8400002, 13.2030002, 15.5689999, 17.0779996, 15.980999699999998, 16.032]
MAC003718 2013-06-01                 [0.6839999999999999, 0.8789999999999997, 0.96, 0.7609999999999999, 0.639, 0.6909999999999998, 1.0589999999999997, 2.1020000000000003]
MAC003482 2013-02-12                                                       [1.177, 0.9979999999999999, 1.8499999999999999, 0.8690000000000001, 0.892, 1.133, 2.829, 2.672]
MAC004431 2014-01-28                          [1.0139999999999998, 1.1480000000000001, 1.6079999999999999, 1.47, 2.2039999999999997, 3.378, 4.6499999, 2.7529999999999997]
MAC004247 2012-10-21                                                                                      [2.799, 1.365, 0.929, 3.297, 7.2210001, 4.965, 4.5390001, 2.443]
MAC004247 2012-08-27                                                        [2.0220000000000002, 1.194, 0.781, 1.8679999999999999, 4.42, 4.618, 2.3699999999999997, 2.045]
MAC003718 2013-09-19                                                                    [0.6289999999999999, 0.609, 1.3499999999999999, 1.035, 2.066, 2.129, 2.529, 2.291]
MAC003482 2012-12-28                                          [0.7769999999999999, 0.768, 0.9910000000000001, 0.763, 0.7649999999999999, 0.761, 0.9590000000000001, 0.716]
MAC003394 2014-01-24                                                          [0.857, 1.2, 1.8739999999999999, 1.946, 1.051, 0.936, 3.5159999999999996, 4.762999999999999]
MAC003566 2014-01-11                                                                 [1.8809999999999996, 2.08, 2.3659999999999997, 4.489, 5.057, 7.091, 5.9090001, 4.535]
MAC003718 2012-11-26                                          [0.518, 0.6359999999999998, 1.137, 1.9520000000000002, 1.9259999999999997, 2.316, 1.5039999999999998, 2.537]
MAC003348 2012-12-14                              [0.37999999999999995, 0.3639999999999999, 0.7989999999999999, 2.35, 1.4489999999999998, 2.364, 3.2220000000000004, 2.27]
MAC004247 2013-09-20                                                                      [2.226, 0.9369999999999999, 0.8639999999999999, 2.62, 5.702, 2.309, 2.759, 2.13]
MAC003348 2013-06-18              [0.377, 0.37999999999999984, 0.5239999999999999, 0.612, 0.41400000000000003, 0.7879999999999999, 0.7610000000000001, 0.8529999999999999]
MAC003566 2012-11-14                                                                                           [2.647, 2.203, 2.893, 2.714, 5.6510001, 6.36, 6.127, 4.479]
MAC003863 2012-12-22                                          [0.8039999999999999, 0.732, 0.9550000000000001, 2.312, 2.124, 2.036, 1.5999999999999999, 2.3569999999999998]
MAC004431 2013-09-26                                                                    [2.048, 1.437, 1.479, 1.4560000000000002, 1.342, 1.3599999999999999, 1.456, 2.106]
MAC003394 2012-12-14                                  [2.3430000000000004, 1.3059999999999998, 3.372, 4.7669999999999995, 6.6060001, 7.2839998, 10.181000000000001, 6.411]
MAC003394 2014-02-01                                                   [1.5860000000000003, 1.635, 1.939, 3.617, 1.2579999999999996, 2.062, 5.7170001, 2.8059999999999996]
MAC003566 2013-09-10                                                                             [2.317, 2.426, 4.224, 4.071, 4.135, 6.1579999, 6.648, 3.0959999999999996]
MAC004179 2012-08-04                               [10.969000000000001, 8.5680002, 8.776000100000001, 9.677, 8.690999999999999, 11.001999999999999, 10.1500002, 9.1549998]
MAC003566 2014-02-19                                           [2.573, 2.573, 3.1239999999999997, 6.5120000000000005, 2.393, 2.4050000000000002, 5.819000000000001, 4.343]
MAC004431 2014-02-05                                                                    [1.419, 1.603, 2.088, 2.013, 2.833, 3.7020000000000004, 7.422, 3.5919999999999996]
MAC003680 2013-12-21                                           [1.951, 1.9769999999999999, 3.782, 3.1420000000000003, 2.88, 3.973, 3.2289999999999996, 2.2469999999999994]
MAC004431 2012-12-19                                                                       [1.05, 1.338, 1.3369999999999997, 2.491, 4.03, 8.591, 8.734, 5.031999899999999]
MAC004179 2012-11-29                                [9.7419998, 9.560999800000001, 12.682999900000002, 10.860999900000001, 11.923, 11.312000000000001, 18.2630002, 12.983]
MAC003239 2013-08-03  [0.468, 0.46199999999999997, 0.7839999999999999, 0.6379999999999999, 0.6659999999999999, 1.5259999999999998, 0.7270000000000001, 0.8239999999999998]
MAC003394 2013-06-29                                                                      [1.28, 1.693, 2.7800000000000002, 2.537, 4.604, 2.674, 6.048000100000001, 2.399]
MAC004431 2013-01-30                                       [1.4239999999999997, 1.2419999999999998, 1.4220000000000002, 1.275, 1.297, 2.09, 7.6259999, 3.6210000000000004]
MAC003482 2013-12-15                                                                    [1.047, 0.898, 0.9530000000000001, 1.293, 0.9199999999999999, 0.954, 0.907, 1.541]
MAC003348 2013-10-07                                                                                   [0.4140000000000001, 0.4, 1.489, 1.649, 1.558, 2.449, 1.538, 1.236]

Return the 10 LCLid who have the highest Sustained Peak Average (SPA) from the provided dataset.
To calculate the SPA for a user: first, evaluate the '3h_intervals' array for every row associated with them. For each array, identify the 3 highest numerical values and calculate their arithmetic mean (this is the Daily Peak Average). Then, group by 'LCLid' and finally calculate the overall mean of these Daily Peak Averages across all recorded days for each household.

Your output must contain only the required list of household ids (LCLid).