You are given the following dataset of customer purchase histories:
InvoiceNo StockCode  Quantity         InvoiceDate  UnitPrice  CustomerID  TotalPrice
   565117     21671        12 2011-09-01 11:33:00       1.25       13089       15.00
   575694     85048         2 2011-11-10 16:38:00       7.95       12748       15.90
   557468     21212         3 2011-06-20 13:14:00       0.55       16713        1.65
   552824     21509        12 2011-05-11 13:16:00       0.42       14056        5.04
   581020     23238        48 2011-12-07 10:12:00       3.75       17511      180.00
   540531    47559B         1 2011-01-09 14:03:00       1.25       16549        1.25
   560276     21078         2 2011-07-17 15:11:00       0.85       14606        1.70
   560499     22029        12 2011-07-19 11:03:00       0.42       16713        5.04
   580644     21166         1 2011-12-05 13:10:00       2.08       16904        2.08
   556441     23300         4 2011-06-10 15:07:00       1.65       14415        6.60
   562593     22955         2 2011-08-07 15:43:00       2.10       16549        4.20
   563532    85099F       100 2011-08-17 11:04:00       1.79       17511      179.00
   570442     23207         1 2011-10-10 14:37:00       1.65       16549        1.65
   578155     22900         1 2011-11-23 11:32:00       3.25       12748        3.25
      NaN       NaN        36                 NaT       1.69       13089         NaN
   565541       NaN         5                 NaT       0.75       14159        3.75
   568531     22935         1 2011-09-27 13:49:00       3.25       16713        3.25
   575574       NaN         1 2011-11-10 11:37:00       2.55       14606        2.55
   549542     22558         2 2011-04-10 11:11:00       1.65       15311        3.30
   543463       NaN         2 2011-02-08 14:06:00       2.95       15311         NaN
   540531       NaN         1 2011-01-09 14:03:00       1.65       16549        1.65
   545991    84750B         4 2011-03-08 13:12:00       1.95       15311        7.80
   551650     47566        12 2011-05-03 12:02:00       4.95       13089       59.40
   559894     22890         1 2011-07-13 12:06:00       9.95       14159        9.95
   575219     21240        96 2011-11-09 11:17:00       0.72       17511       69.12
   579458     21232         1 2011-11-29 14:38:00       1.25       16549        1.25
   567980     23192         1 2011-09-23 11:22:00       1.65       15311        1.65
   543111     84946         6 2011-02-03 12:44:00       1.25       15719        7.50
      NaN       NaN         2 2011-06-20 13:14:00       8.50       16713       17.00
   558888     21116         2 2011-07-04 15:29:00       4.95       14056        9.90
   556905     20727         1 2011-06-15 13:05:00       1.65       16904        1.65
   550637     22957         2 2011-04-19 15:39:00       2.95       14415        5.90
   579470     23197         2 2011-11-29 15:06:00       1.45       16549        2.90
   550196     23156         1 2011-04-15 10:09:00       2.08       14796        2.08
      NaN       NaN         3                 NaT       0.65       15719         NaN
   551436       NaN         1                 NaT       6.75       16904         NaN
   555558    84596L         8 2011-06-05 14:06:00       0.42       14159        3.36
   581412     21733         1 2011-12-08 14:38:00       2.95       14415        2.95
   539754    85049E         3 2010-12-21 16:06:00       1.25       12748        3.75
   555558     21213         1 2011-06-05 14:06:00       0.55       14159        0.55
   561195     22804         2 2011-07-25 13:57:00       2.95       14796        5.90
   552239     22558         4 2011-05-06 16:54:00       1.65       14056        6.60
   557577     22311         1 2011-06-21 11:02:00       2.95       14606        2.95
   573264     23196         2 2011-10-28 12:36:00       1.45       14415        2.90
      NaN     22999         2                 NaT       0.42       14056         NaN
   575219     21931       100 2011-11-09 11:17:00       1.79       17511      179.00
   557577     85172        32 2011-06-21 11:02:00       0.42       14606       13.44
   578757     22743         2 2011-11-25 11:41:00       2.95       12748        5.90
   557484     22067         4 2011-06-20 14:36:00       1.65       14796        6.60
   577723     23323         3 2011-11-21 12:36:00       2.10       16713        6.30
   540531     21181         1 2011-01-09 14:03:00       2.10       16549        2.10
   552894     22423         1 2011-05-12 10:53:00      12.75       14606       12.75
   567980     16225         2 2011-09-23 11:22:00       1.25       15311        2.50
   570103     22554         1 2011-10-07 12:18:00       1.65       15719        1.65
   566605     23389         1 2011-09-13 16:27:00       4.15       13263        4.15
   553151     21872        12 2011-05-13 14:53:00       1.25       13089       15.00
   569459     23325        24 2011-10-04 11:33:00       1.65       16713       39.60
   550637     22411         4 2011-04-19 15:39:00       2.08       14415        8.32
      NaN       NaN         1 2011-04-19 13:41:00       1.25       13263         NaN
   543924     20934         1 2011-02-14 14:14:00       5.45       16904        5.45
   573275     84347         3 2011-10-28 13:12:00       2.55       15311        7.65
   558888     23250         4 2011-07-04 15:29:00       1.25       14056        5.00
   562932    84596B         4 2011-08-10 16:39:00       0.42       16904        1.68
   565129     21411         1 2011-09-01 12:41:00       4.25       15719        4.25
   559289     22384         1 2011-07-07 12:22:00       1.65       15719        1.65
   553702     21754         2 2011-05-18 14:50:00       5.95       13263       11.90
   553540     22035        72 2011-05-17 15:32:00       0.36       17511       25.92
   537614     22866         8 2010-12-07 13:29:00       2.10       16904       16.80
   572669     20725         2 2011-10-25 13:10:00       1.65       16549        3.30
   560223     20677         1 2011-07-15 15:32:00       1.25       16904        1.25
   568505     22331         3 2011-09-27 12:17:00       1.65       15311        4.95
      NaN       NaN        12 2011-01-05 11:52:00       0.42       13089        5.04
   551810    85099C         2 2011-05-04 11:32:00       2.08       15719        4.16
   570245     23138        12 2011-10-09 16:11:00       1.45       14415       17.40
   554672     21929        10 2011-05-25 15:54:00       2.08       14415       20.80
   554839     22558         5 2011-05-26 17:15:00       1.65       14056        8.25
      NaN       NaN         1                 NaT       1.25       14159        1.25
   557278     47566        12 2011-06-19 12:08:00       4.95       13089       59.40
   549128     22362         1 2011-04-06 14:25:00       2.95       16713        2.95
   547359    84535B         3 2011-03-22 12:27:00       0.65       15719        1.95
   554939     22356         2 2011-05-27 13:49:00       0.85       15311        1.70
   580904     21258         8 2011-12-06 12:59:00      10.95       15311         NaN
   557468     22375         1                 NaT       4.25       16713         NaN
   548511       NaN         1 2011-03-31 15:43:00       1.45       14056        1.45
      NaN       NaN         6                 NaT       4.95       12748         NaN
   573340     22338        20 2011-10-30 11:55:00       0.19       14159        3.80
   581425     21132         1 2011-12-08 15:31:00       1.25       14796        1.25
   575117     37446         1 2011-11-08 14:22:00       1.45       12748        1.45
      NaN       NaN         1 2011-06-15 13:05:00       1.65       16904        1.65
   581412     22300         6 2011-12-08 14:38:00       2.55       14415       15.30
   545188     22691         1 2011-02-28 15:19:00       7.95       14056        7.95
      NaN       NaN        10                 NaT       2.08       14415         NaN
      NaN       NaN         6                 NaT       2.95       13089         NaN
   567211     21992         1 2011-09-19 11:02:00       1.25       14159        1.25
   563638     22670         7 2011-08-18 10:36:00       1.25       15311        8.75
   575694     20981         2 2011-11-10 16:38:00       0.85       12748        1.70
   565129     21212         3 2011-09-01 12:41:00       0.55       15719        1.65
      NaN       NaN         3                 NaT       1.65       15719        4.95
   570650     21071         2 2011-10-11 13:13:00       1.25       13263        2.50
   541564     21175         1 2011-01-19 11:38:00       2.10       16904        2.10
   568531     22181         6 2011-09-27 13:49:00       0.85       16713        5.10
   565129     22551         2 2011-09-01 12:41:00       1.65       15719        3.30
   556845     21164        72 2011-06-15 11:30:00       2.55       17511      183.60
   570514     21775        12 2011-10-11 10:36:00       1.25       13089       15.00
      NaN       NaN         1                 NaT       2.10       14606         NaN
   567798     22465        12 2011-09-22 12:00:00       1.65       13089         NaN
   562348    47503A        48 2011-08-04 12:36:00       0.42       17511       20.16
      NaN       NaN         4                 NaT       0.55       14159        2.20
   577723     23079         4 2011-11-21 12:36:00       8.95       16713       35.80
   554376     21068         6 2011-05-24 11:31:00       1.25       15719        7.50
   573865     21558         1 2011-11-01 12:00:00       2.55       15311        2.55
   540278         M         1 2011-01-06 12:31:00       1.65       15719        1.65
   569491     21577         2 2011-10-04 13:25:00       2.25       14056        4.50
   570103     23200         5 2011-10-07 12:18:00       2.08       15719       10.40
   578153     16236         1 2011-11-23 11:22:00       0.21       12748        0.21
   556728     21937         2 2011-06-14 11:36:00       2.95       15719        5.90
   548210    85169A         4 2011-03-29 17:23:00       1.25       14606        5.00
   547651     22249         1 2011-03-24 12:11:00       0.85       16904        0.85
   555260     22383         2 2011-06-01 15:34:00       1.65       13263        3.30
   564256    17012C         1 2011-08-24 10:45:00       0.85       14796        0.85
   556441     21428         3 2011-06-10 15:07:00       4.25       14415         NaN
   569491     23370         1 2011-10-04 13:25:00       1.25       14056        1.25
   580903     22329         1 2011-12-06 12:56:00       1.65       14606        1.65
      NaN     37448         4 2011-03-28 12:23:00       1.49       14159        5.96
   559672    84596G         8 2011-07-11 14:04:00       0.42       14796        3.36
   537794     20685         2 2010-12-08 13:01:00       7.95       16713       15.90
   573340    85071A         3 2011-10-30 11:55:00       0.39       14159        1.17
   547910       NaN         1 2011-03-28 12:23:00       4.25       14159        4.25
   565388     20726         2 2011-09-02 15:56:00       1.65       14415        3.30
   562593     21078         2 2011-08-07 15:43:00       0.85       16549        1.70
      NaN       NaN         2                 NaT       4.95       15311         NaN
   575060     23344        10 2011-11-08 12:29:00       2.08       13089       20.80
   540531     21427         1 2011-01-09 14:03:00       2.10       16549        2.10
   581400     23238         2 2011-12-08 13:36:00       4.15       14056        8.30
   574863     23349         3 2011-11-07 12:29:00       1.25       15719        3.75
      NaN       NaN         1                 NaT       6.75       12748         NaN
   556910     22720         1 2011-06-15 13:25:00       4.95       12748        4.95
   569027     79321         4 2011-09-30 10:19:00       5.75       13089       23.00
   564359     23209         3 2011-08-24 16:02:00       1.65       14056        4.95
   575837     22555        10 2011-11-11 11:37:00       1.65       12748       16.50
   571183     23309        24 2011-10-14 11:08:00       0.55       14796       13.20
   540531     20971         1 2011-01-09 14:03:00       1.25       16549        1.25
   555558     23199         2 2011-06-05 14:06:00       2.08       14159        4.16
   579470     23506         6 2011-11-29 15:06:00       0.42       16549        2.52
      NaN     23204         2 2011-04-18 14:50:00       0.85       15311        1.70
   538205     22746         1 2010-12-10 11:24:00       2.10       12748        2.10
   567211     20972         4 2011-09-19 11:02:00       1.25       14159        5.00
   544398     21380         2 2011-02-18 12:27:00       2.95       15311        5.90
   565776     22411         4 2011-09-06 14:38:00       2.08       15311        8.32
      NaN       NaN         7                 NaT       1.95       15719         NaN

Return 10 customers most similar to customer 14606 based on their purchasing behavior.
To determine similarity, evaluate customers across two standard retail dimensions, weighting them respectively 70% and 30%:
    1. Product Affinity (basket-content similarity).
    2. RFM Profile (Recency, Frequency, Monetary).

Your output must contain only the required list of customers.